10
10
60 100 250 15 100 200 300 400 200 100
50 0 120 70 20 30 40 500 1000 10
10 300 400 60 300 400 100 0 0 1000
30 350 190 230 500 600 100 1000 200 300
60 100 250 15 100 200 300 400 200 100
50 0 120 70 20 30 40 500 1000 10
10 300 400 60 300 400 100 0 0 1000
30 350 190 230 500 600 100 1000 200 300
60 100 250 15 100 200 300 400 200 100
50 0 120 70 20 30 40 500 1000 10
10
60 100 250 15 100 200 300 400 200 100
50 0 120 70 20 30 40 500 1000 10
10 300 400 60 300 400 100 0 0 1000
30 350 190 230 500 600 100 1000 200 300
60 100 250 15 100 200 300 400 200 100
50 0 120 70 20 30 40 500 1000 10
10 300 400 60 300 400 100 0 0 1000
30 350 190 230 500 600 100 1000 200 300
60 100 250 15 100 200 300 400 200 100
50 0 120 70 20 30 40 500 1000 10
10
60 100 250 15 100 200 300 400 200 100
50 0 120 70 20 30 40 500 1000 10
10 300 400 60 300 400 100 0 0 1000
30 350 190 230 500 600 100 1000 200 300
60 100 250 15 100 200 300 400 200 100
50 0 120 70 20 30 40 500 1000 10
10 300 400 60 300 400 100 0 0 1000
30 350 190 230 500 600 100 1000 200 300
60 100 250 15 100 200 300 400 200 100
50 0 120 70 20 30 40 500 1000 10
10
60 100 250 15 100 200 300 400 200 100
50 0 120 70 20 30 40 500 1000 10
10 300 400 60 300 400 100 0 0 1000
30 350 190 230 500 600 100 1000 200 300
60 100 250 15 100 200 300 400 200 100
50 0 120 70 20 30 40 500 1000 10
10 300 400 60 300 400 100 0 0 1000
30 350 190 230 500 600 100 1000 200 300
60 100 250 15 100 200 300 400 200 100
50 0 120 70 20 30 40 500 1000 10
10
60 100 250 15 100 200 300 400 200 100
50 0 120 70 20 30 40 500 1000 10
10 300 400 60 300 400 100 0 0 1000
30 350 190 230 500 600 100 1000 200 300
60 100 250 15 100 200 300 400 200 100
50 0 120 70 20 30 40 500 1000 10
10 300 400 60 300 400 100 0 0 1000
30 350 190 230 500 600 100 1000 200 300
60 100 250 15 100 200 300 400 200 100
50 0 120 70 20 30 40 500 1000 10
10
60 100 250 15 100 200 300 400 200 100
50 0 120 70 20 30 40 500 1000 10
10 300 400 60 300 400 100 0 0 1000
30 350 190 230 500 600 100 1000 200 300
60 100 250 15 100 200 300 400 200 100
50 0 120 70 20 30 40 500 1000 10
10 300 400 60 300 400 100 0 0 1000
30 350 190 230 500 600 100 1000 200 300
60 100 250 15 100 200 300 400 200 100
50 0 120 70 20 30 40 500 1000 10
10
60 100 250 15 100 200 300 400 200 100
50 0 120 70 20 30 40 500 1000 10
10 300 400 60 300 400 100 0 0 1000
30 350 190 230 500 600 100 1000 200 300
60 100 250 15 100 200 300 400 200 100
50 0 120 70 20 30 40 500 1000 10
10 300 400 60 300 400 100 0 0 1000
30 350 190 230 500 600 100 1000 200 300
60 100 250 15 100 200 300 400 200 100
50 0 120 70 20 30 40 500 1000 10
10
60 100 250 15 100 200 300 400 200 100
50 0 120 70 20 30 40 500 1000 10
10 300 400 60 300 400 100 0 0 1000
30 350 190 230 500 600 100 1000 200 300
60 100 250 15 100 200 300 400 200 100
50 0 120 70 20 30 40 500 1000 10
10 300 400 60 300 400 100 0 0 1000
30 350 190 230 500 600 100 1000 200 300
60 100 250 15 100 200 300 400 200 100
50 0 120 70 20 30 40 500 1000 10
10
60 100 250 15 100 200 300 400 200 100
50 0 120 70 20 30 40 500 1000 10
10 300 400 60 300 400 100 0 0 1000
30 350 190 230 500 600 100 1000 200 300
60 100 250 15 100 200 300 400 200 100
50 0 120 70 20 30 40 500 1000 10
10 300 400 60 300 400 100 0 0 1000
30 350 190 230 500 600 100 1000 200 300
60 100 250 15 100 200 300 400 200 100
50 0 120 70 20 30 40 500 1000 10
10
60 100 250 15 100 200 300 400 200 100
50 0 120 70 20 30 40 500 1000 10
10 300 400 60 300 400 100 0 0 1000
30 350 190 230 500 600 100 1000 200 300
60 100 250 15 100 200 300 400 200 100
50 0 120 70 20 30 40 500 1000 10
10 300 400 60 300 400 100 0 0 1000
30 350 190 230 500 600 100 1000 200 300
60 100 250 15 100 200 300 400 200 100
50 0 120 70 20 30 40 500 1000 10
