50
8 11 1 8 100
30 60 13 120 22 53 63 10
1 2
1 4
1 5
2 3
3 4
3 7
5 4
4 7
4 6
6 8
7 8

8 11 1 8 100
30 60 13 120 22 53 63 10
1 2
1 4
1 5
2 3
3 4
3 7
5 4
4 7
4 6
6 8
7 8

8 11 1 8 100
30 60 13 120 22 53 63 10
1 2
1 4
1 5
2 3
3 4
3 7
5 4
4 7
4 6
6 8
7 8

8 11 1 8 100
30 60 13 120 22 53 63 10
1 2
1 4
1 5
2 3
3 4
3 7
5 4
4 7
4 6
6 8
7 8

8 11 1 8 100
30 60 13 120 22 53 63 10
1 2
1 4
1 5
2 3
3 4
3 7
5 4
4 7
4 6
6 8
7 8

8 11 1 8 100
30 60 13 120 22 53 63 10
1 2
1 4
1 5
2 3
3 4
3 7
5 4
4 7
4 6
6 8
7 8

8 11 1 8 100
30 60 13 120 22 53 63 10
1 2
1 4
1 5
2 3
3 4
3 7
5 4
4 7
4 6
6 8
7 8

8 11 1 8 100
30 60 13 120 22 53 63 10
1 2
1 4
1 5
2 3
3 4
3 7
5 4
4 7
4 6
6 8
7 8

8 11 1 8 100
30 60 13 120 22 53 63 10
1 2
1 4
1 5
2 3
3 4
3 7
5 4
4 7
4 6
6 8
7 8

8 11 1 8 100
30 60 13 120 22 53 63 10
1 2
1 4
1 5
2 3
3 4
3 7
5 4
4 7
4 6
6 8
7 8

8 11 1 8 100
30 60 13 120 22 53 63 10
1 2
1 4
1 5
2 3
3 4
3 7
5 4
4 7
4 6
6 8
7 8

8 11 1 8 100
30 60 13 120 22 53 63 10
1 2
1 4
1 5
2 3
3 4
3 7
5 4
4 7
4 6
6 8
7 8

8 11 1 8 100
30 60 13 120 22 53 63 10
1 2
1 4
1 5
2 3
3 4
3 7
5 4
4 7
4 6
6 8
7 8

8 11 1 8 100
30 60 13 120 22 53 63 10
1 2
1 4
1 5
2 3
3 4
3 7
5 4
4 7
4 6
6 8
7 8

8 11 1 8 100
30 60 13 120 22 53 63 10
1 2
1 4
1 5
2 3
3 4
3 7
5 4
4 7
4 6
6 8
7 8

8 11 1 8 100
30 60 13 120 22 53 63 10
1 2
1 4
1 5
2 3
3 4
3 7
5 4
4 7
4 6
6 8
7 8

8 11 1 8 100
30 60 13 120 22 53 63 10
1 2
1 4
1 5
2 3
3 4
3 7
5 4
4 7
4 6
6 8
7 8

8 11 1 8 100
30 60 13 120 22 53 63 10
1 2
1 4
1 5
2 3
3 4
3 7
5 4
4 7
4 6
6 8
7 8

8 11 1 8 100
30 60 13 120 22 53 63 10
1 2
1 4
1 5
2 3
3 4
3 7
5 4
4 7
4 6
6 8
7 8

8 11 1 8 100
30 60 13 120 22 53 63 10
1 2
1 4
1 5
2 3
3 4
3 7
5 4
4 7
4 6
6 8
7 8

8 11 1 8 100
30 60 13 120 22 53 63 10
1 2
1 4
1 5
2 3
3 4
3 7
5 4
4 7
4 6
6 8
7 8

8 11 1 8 100
30 60 13 120 22 53 63 10
1 2
1 4
1 5
2 3
3 4
3 7
5 4
4 7
4 6
6 8
7 8

8 11 1 8 100
30 60 13 120 22 53 63 10
1 2
1 4
1 5
2 3
3 4
3 7
5 4
4 7
4 6
6 8
7 8

8 11 1 8 100
30 60 13 120 22 53 63 10
1 2
1 4
1 5
2 3
3 4
3 7
5 4
4 7
4 6
6 8
7 8

8 11 1 8 100
30 60 13 120 22 53 63 10
1 2
1 4
1 5
2 3
3 4
3 7
5 4
4 7
4 6
6 8
7 8

8 11 1 8 100
30 60 13 120 22 53 63 10
1 2
1 4
1 5
2 3
3 4
3 7
5 4
4 7
4 6
6 8
7 8

8 11 1 8 100
30 60 13 120 22 53 63 10
1 2
1 4
1 5
2 3
3 4
3 7
5 4
4 7
4 6
6 8
7 8

8 11 1 8 100
30 60 13 120 22 53 63 10
1 2
1 4
1 5
2 3
3 4
3 7
5 4
4 7
4 6
6 8
7 8

8 11 1 8 100
30 60 13 120 22 53 63 10
1 2
1 4
1 5
2 3
3 4
3 7
5 4
4 7
4 6
6 8
7 8

8 11 1 8 100
30 60 13 120 22 53 63 10
1 2
1 4
1 5
2 3
3 4
3 7
5 4
4 7
4 6
6 8
7 8

8 11 1 8 100
30 60 13 120 22 53 63 10
1 2
1 4
1 5
2 3
3 4
3 7
5 4
4 7
4 6
6 8
7 8

8 11 1 8 100
30 60 13 120 22 53 63 10
1 2
1 4
1 5
2 3
3 4
3 7
5 4
4 7
4 6
6 8
7 8

8 11 1 8 100
30 60 13 120 22 53 63 10
1 2
1 4
1 5
2 3
3 4
3 7
5 4
4 7
4 6
6 8
7 8

8 11 1 8 100
30 60 13 120 22 53 63 10
1 2
1 4
1 5
2 3
3 4
3 7
5 4
4 7
4 6
6 8
7 8

8 11 1 8 100
30 60 13 120 22 53 63 10
1 2
1 4
1 5
2 3
3 4
3 7
5 4
4 7
4 6
6 8
7 8

8 11 1 8 100
30 60 13 120 22 53 63 10
1 2
1 4
1 5
2 3
3 4
3 7
5 4
4 7
4 6
6 8
7 8

8 11 1 8 100
30 60 13 120 22 53 63 10
1 2
1 4
1 5
2 3
3 4
3 7
5 4
4 7
4 6
6 8
7 8

8 11 1 8 100
30 60 13 120 22 53 63 10
1 2
1 4
1 5
2 3
3 4
3 7
5 4
4 7
4 6
6 8
7 8

8 11 1 8 100
30 60 13 120 22 53 63 10
1 2
1 4
1 5
2 3
3 4
3 7
5 4
4 7
4 6
6 8
7 8

8 11 1 8 100
30 60 13 120 22 53 63 10
1 2
1 4
1 5
2 3
3 4
3 7
5 4
4 7
4 6
6 8
7 8

8 11 1 8 100
30 60 13 120 22 53 63 10
1 2
1 4
1 5
2 3
3 4
3 7
5 4
4 7
4 6
6 8
7 8

8 11 1 8 100
30 60 13 120 22 53 63 10
1 2
1 4
1 5
2 3
3 4
3 7
5 4
4 7
4 6
6 8
7 8

8 11 1 8 100
30 60 13 120 22 53 63 10
1 2
1 4
1 5
2 3
3 4
3 7
5 4
4 7
4 6
6 8
7 8

8 11 1 8 100
30 60 13 120 22 53 63 10
1 2
1 4
1 5
2 3
3 4
3 7
5 4
4 7
4 6
6 8
7 8

8 11 1 8 100
30 60 13 120 22 53 63 10
1 2
1 4
1 5
2 3
3 4
3 7
5 4
4 7
4 6
6 8
7 8

8 11 1 8 100
30 60 13 120 22 53 63 10
1 2
1 4
1 5
2 3
3 4
3 7
5 4
4 7
4 6
6 8
7 8

8 11 1 8 100
30 60 13 120 22 53 63 10
1 2
1 4
1 5
2 3
3 4
3 7
5 4
4 7
4 6
6 8
7 8

8 11 1 8 100
30 60 13 120 22 53 63 10
1 2
1 4
1 5
2 3
3 4
3 7
5 4
4 7
4 6
6 8
7 8

8 11 1 8 100
30 60 13 120 22 53 63 10
1 2
1 4
1 5
2 3
3 4
3 7
5 4
4 7
4 6
6 8
7 8

8 11 1 8 50
30 60 13 120 22 53 63 10
1 2
1 4
1 5
2 3
3 4
3 7
5 4
4 7
4 6
6 8
7 8
